{
 "cells": [
  {
   "cell_type": "code",
   "execution_count": 1,
   "id": "fad354cb-4c9c-4a94-b0b1-f4853bb82824",
   "metadata": {
    "tags": []
   },
   "outputs": [],
   "source": [
    "import xgboost as xgb\n",
    "import pandas as pd\n",
    "import numpy as np\n",
    "import uproot as ur\n",
    "import matplotlib.pyplot as plt\n",
    "\n",
    "from sklearn.model_selection import KFold\n",
    "from sklearn.metrics import accuracy_score\n",
    "from sklearn.ensemble import AdaBoostClassifier, RandomForestClassifier\n",
    "from sklearn.tree import DecisionTreeClassifier\n",
    "from sklearn.ensemble import GradientBoostingClassifier, AdaBoostClassifier\n",
    "from sklearn.neural_network import MLPClassifier\n",
    "from sklearn.preprocessing import StandardScaler\n",
    "from sklearn.preprocessing import normalize\n",
    "from catboost import CatBoostClassifier\n",
    "\n",
    "\n",
    "from sklearn.model_selection import KFold\n",
    "from sklearn.model_selection import cross_val_score\n",
    "from sklearn.model_selection import train_test_split\n",
    "\n",
    "from sklearn.metrics import roc_curve,roc_auc_score\n",
    "\n",
    "import lightgbm as lgb\n",
    "\n",
    "from copy import copy\n",
    "\n",
    "from itertools import accumulate\n",
    "\n",
    "import pickle\n",
    "import warnings\n",
    "warnings.filterwarnings(\"ignore\")"
   ]
  },
  {
   "cell_type": "code",
   "execution_count": null,
   "id": "5265fb03-1f0b-455a-9c21-bd0acb431793",
   "metadata": {
    "tags": []
   },
   "outputs": [],
   "source": []
  },
  {
   "cell_type": "code",
   "execution_count": 2,
   "id": "a163e703-5c0b-47df-a120-a899121cf8e8",
   "metadata": {
    "tags": []
   },
   "outputs": [],
   "source": [
    "root = '/Users/adriancasaisvidal/workarea/electronid/'\n",
    "# root_mit = '/data/submit/lhcb/muonid/|'\n",
    "root = './'\n",
    "signal = ur.open(root + f'monitoring-jpsimumu.root:Hlt1_MCTruthMuonID/monitor_tree').arrays(library='pd')\n",
    "background = ur.open(root + f'monitoring-lambda.root:Hlt1_MCTruthMuonID/monitor_tree').arrays(library='pd')\n"
   ]
  },
  {
   "cell_type": "code",
   "execution_count": 3,
   "id": "4d44e510-eddc-45f2-a9e7-47517a714d4d",
   "metadata": {
    "tags": []
   },
   "outputs": [
    {
     "name": "stdout",
     "output_type": "stream",
     "text": [
      "1245\n",
      "1245\n",
      "2581     5.0\n",
      "4713     3.0\n",
      "4743     9.0\n",
      "5950     4.0\n",
      "4101     6.0\n",
      "        ... \n",
      "5908     4.0\n",
      "327     13.0\n",
      "3774     3.0\n",
      "776      6.0\n",
      "3419     6.0\n",
      "Name: t0, Length: 1245, dtype: float32\n"
     ]
    }
   ],
   "source": [
    "renames = {}\n",
    "for key in signal.keys():\n",
    "    renames[key] = key.replace('Hlt1_MCTruthMuonID__tupling_','').replace('_t','')\n",
    "#renames['Hlt1_MCTruthElectronID__tupling_delta_barycenter_corr_t']='track_local_max'\n",
    "signal = signal.rename(columns=renames)\n",
    "background =background.rename(columns=renames)\n",
    "\n",
    "def dfeval(signal,background,toeval):\n",
    "    signal.eval(toeval,inplace=True)\n",
    "    background.eval(toeval,inplace=True)\n",
    "\n",
    "dfeval(signal,background,'p = 1/abs(qop)')\n",
    "dfeval(signal,background,'tx_muon = tx')\n",
    "dfeval(signal,background,'ty_muon = ty')\n",
    "\n",
    "dfeval(signal,background,'dtx=abs(tx_scifi-tx_muon)')\n",
    "dfeval(signal,background,'dty=abs(ty_scifi-ty_muon)')\n",
    " \n",
    "dfeval(signal,background,'dtx_refit=abs(tx_scifi-tx_refit)')\n",
    "dfeval(signal,background,'dty_refit=abs(ty_scifi-ty_refit)')\n",
    "\n",
    "#print(signal.keys())\n",
    "signal.query('ismuon==True',inplace=True)\n",
    "background.query('ismuon==True',inplace=True)\n",
    "#signal.query('inECALAcc==True and brem_inECALAcc==True',inplace=True)\n",
    "#background.query('inECALAcc==True and brem_inECALAcc==True',inplace=True)\n",
    "signal = signal.sample(1245)\n",
    "print(len(signal))\n",
    "print(len(background))\n",
    "signal.dropna(inplace=True)\n",
    "background.dropna(inplace=True)\n",
    "\n",
    "#signal.query('pt<1000',inplace=True)\n",
    "#background.query('pt<1000',inplace=True)\n",
    "print(signal['t0'])"
   ]
  },
  {
   "cell_type": "code",
   "execution_count": 17,
   "id": "a696e034-fbbf-4c7d-9bc1-289aecf6e752",
   "metadata": {
    "tags": []
   },
   "outputs": [],
   "source": [
    "def chi2_corr(df,prefix=''):\n",
    "    def covij(i,j,p):\n",
    "            mymax = 0\n",
    "            if i>j:\n",
    "                i,j=j,i\n",
    "            val = 0\n",
    "            higher = 5\n",
    "#             if p< 6000:\n",
    "#                 higher = min(j,4)\n",
    "            for l in range(higher):\n",
    "                if (absorb[l][0] < z_m[i]) and (absorb[l][0] < z_m[j]):\n",
    "                    mymax = l\n",
    "                    val += (z_m[i]-absorb[l][0])*(z_m[j]-absorb[l][0])*13.6**2*absorb[l][1]\n",
    "            return val/p**2\n",
    "    absorb = [[12800,28],   #ECAL\n",
    "              [14300,53],   #HCAL\n",
    "              [15800,47.5], #M2\n",
    "              [17100,47.5], #M3\n",
    "              [18300,47.5]] #M4\n",
    "    df.eval(f'{prefix}z0 = 15270')\n",
    "    df.eval(f'{prefix}z1 = 16470')\n",
    "    df.eval(f'{prefix}z2 = 17670')\n",
    "    df.eval(f'{prefix}z3 = 18870')\n",
    "    for i in range(4):\n",
    "        df.eval(f'{prefix}xs{i}= {prefix}tx_scifi*{prefix}z{i} + {prefix}ax_scifi',inplace=True)\n",
    "        df.eval(f'{prefix}ys{i}= {prefix}ty_scifi*{prefix}z{i} + {prefix}ay_scifi',inplace=True)\n",
    "    #df[f'{prefix}chi2corr']=0\n",
    "    chi2corr_a=[]\n",
    "    chi2uncorr_a = []\n",
    "    no_hits = []\n",
    "    for _,r in df.iterrows():\n",
    "        x_m = np.array([r[f'{prefix}x0'],r[f'{prefix}x1'],r[f'{prefix}x2'],r[f'{prefix}x3']])\n",
    "        y_m = np.array([r[f'{prefix}y0'],r[f'{prefix}y1'],r[f'{prefix}y2'],r[f'{prefix}y3']])\n",
    "        #z_m = np.array([r[f'{prefix}z0'],r[f'{prefix}z1'],r[f'{prefix}z2'],r[f'{prefix}z3']])\n",
    "        z_m = np.array([15270, 16470, 17670, 18870])\n",
    "        padx = np.array([r[f'{prefix}dx0'],r[f'{prefix}dx1'],r[f'{prefix}dx2'],r[f'{prefix}dx3']])/np.sqrt(12)\n",
    "        pady = np.array([r[f'{prefix}dy0'],r[f'{prefix}dy1'],r[f'{prefix}dy2'],r[f'{prefix}dy3']])/np.sqrt(12)\n",
    "        \n",
    "        x_s = np.array([r[f'{prefix}xs0'],r[f'{prefix}xs1'],r[f'{prefix}xs2'],r[f'{prefix}xs3']])\n",
    "        y_s = np.array([r[f'{prefix}ys0'],r[f'{prefix}ys1'],r[f'{prefix}ys2'],r[f'{prefix}ys3']])\n",
    "        mask = x_m != -99999\n",
    "        \n",
    "        no_hits.append(np.sum(mask))\n",
    "        x_m = x_m[mask]\n",
    "        y_m = y_m[mask]\n",
    "        z_m = z_m[mask]\n",
    "        padx = padx[mask]\n",
    "        pady = pady[mask]\n",
    "                  \n",
    "        x_s = x_s[mask]\n",
    "        y_s = y_s[mask]\n",
    "        \n",
    "        dx = x_m - x_s\n",
    "        dy = y_m - y_s\n",
    "        \n",
    "        \n",
    "        \n",
    "        s = len(x_m)\n",
    "        cov = np.zeros((s,s))\n",
    "        \n",
    "        #####\n",
    "        padx = np.array([3.969,17.032,36.373])\n",
    "        dx = np.array([127.630,214.299,361.993])\n",
    "        \n",
    "        pady = np.array([72.977,78.751,1])\n",
    "        dy = np.array([231.622,249.646,1])\n",
    "        s = 3\n",
    "        mask = [0,1,1,1]\n",
    "        r[f'{prefix}p'] = 6410.990\n",
    "        cov = np.zeros((s,s))\n",
    "        z_m = z_m[mask]\n",
    "        ######\n",
    "        \n",
    "        for i_station in range(s):\n",
    "            for j_station in range(i_station+1):\n",
    "                    print(i_station,j_station)\n",
    "                    cov[i_station,j_station]=covij(i_station,j_station,np.abs(r[f'{prefix}p']))\n",
    "                    cov[j_station,i_station]=covij(i_station,j_station,np.abs(r[f'{prefix}p']))\n",
    "        covx = cov\n",
    "        covy = copy(covx)\n",
    "        \n",
    "        covxuncorr = np.zeros((s,s))\n",
    "        covyuncorr = np.zeros((s,s))\n",
    "        for i in range(s):\n",
    "                covx[i,i] += padx[i]**2\n",
    "                covxuncorr[i,i] += padx[i]**2\n",
    "                covy[i,i] += pady[i]**2\n",
    "                covyuncorr[i,i] += pady[i]**2\n",
    "        #print(covx)   \n",
    "        \n",
    "        resx = np.all(np.linalg.eigvals(covx) > 0)\n",
    "        resy = np.all(np.linalg.eigvals(covy) > 0)\n",
    "        \n",
    "        if not (resx and resy):\n",
    "            print(f'Dimension {s}. Matrix x is {resx} PD. Matrix y is {resy} PD')\n",
    "        chi2uncorr = (dx @ np.linalg.inv(covxuncorr) @ dx)/(2*s)# + dy @ np.linalg.inv(covyuncorr) @ dy)/s\n",
    "        chi2corr = (dx @ np.linalg.inv(covx) @ dx)/s# + dy @ np.linalg.inv(covy) @ dy)/s\n",
    "            \n",
    "        \n",
    "            \n",
    "        chi2corr_a.append(np.log(chi2corr))\n",
    "        chi2uncorr_a.append(np.log(chi2uncorr))\n",
    "        # print(dx)\n",
    "        print(chi2corr/2)\n",
    "        print(np.linalg.inv(covx))\n",
    "        # print(x_m)\n",
    "        \n",
    "    df[f'{prefix}chi2corr']=chi2corr_a\n",
    "    df[f'{prefix}chi2uncorr']=chi2uncorr_a\n",
    "    df[f'{prefix}no_hits'] = no_hits\n",
    "    return df"
   ]
  },
  {
   "cell_type": "code",
   "execution_count": 18,
   "id": "9e730ff2-61cd-4a63-9c93-565840be32f2",
   "metadata": {
    "tags": []
   },
   "outputs": [
    {
     "name": "stdout",
     "output_type": "stream",
     "text": [
      "0 0\n",
      "1 0\n",
      "1 1\n",
      "2 0\n",
      "2 1\n",
      "2 2\n",
      "5.323984378823096\n",
      "[[ 0.00658965 -0.00281743 -0.00061777]\n",
      " [-0.00281743  0.0020378  -0.00030904]\n",
      " [-0.00061777 -0.00030904  0.0006881 ]]\n",
      "0 0\n",
      "1 0\n",
      "1 1\n",
      "2 0\n",
      "2 1\n",
      "2 2\n",
      "5.323984378823096\n",
      "[[ 0.00658965 -0.00281743 -0.00061777]\n",
      " [-0.00281743  0.0020378  -0.00030904]\n",
      " [-0.00061777 -0.00030904  0.0006881 ]]\n",
      "0 0\n",
      "1 0\n",
      "1 1\n",
      "2 0\n",
      "2 1\n",
      "2 2\n",
      "5.323984378823096\n",
      "[[ 0.00658965 -0.00281743 -0.00061777]\n",
      " [-0.00281743  0.0020378  -0.00030904]\n",
      " [-0.00061777 -0.00030904  0.0006881 ]]\n",
      "0 0\n",
      "1 0\n",
      "1 1\n",
      "2 0\n",
      "2 1\n",
      "2 2\n",
      "5.323984378823096\n",
      "[[ 0.00658965 -0.00281743 -0.00061777]\n",
      " [-0.00281743  0.0020378  -0.00030904]\n",
      " [-0.00061777 -0.00030904  0.0006881 ]]\n",
      "0 0\n",
      "1 0\n",
      "1 1\n",
      "2 0\n",
      "2 1\n",
      "2 2\n",
      "5.323984378823096\n",
      "[[ 0.00658965 -0.00281743 -0.00061777]\n",
      " [-0.00281743  0.0020378  -0.00030904]\n",
      " [-0.00061777 -0.00030904  0.0006881 ]]\n",
      "0 0\n",
      "1 0\n",
      "1 1\n",
      "2 0\n",
      "2 1\n",
      "2 2\n",
      "5.323984378823096\n",
      "[[ 0.00658965 -0.00281743 -0.00061777]\n",
      " [-0.00281743  0.0020378  -0.00030904]\n",
      " [-0.00061777 -0.00030904  0.0006881 ]]\n",
      "0 0\n",
      "1 0\n",
      "1 1\n",
      "2 0\n",
      "2 1\n",
      "2 2\n",
      "5.323984378823096\n",
      "[[ 0.00658965 -0.00281743 -0.00061777]\n",
      " [-0.00281743  0.0020378  -0.00030904]\n",
      " [-0.00061777 -0.00030904  0.0006881 ]]\n",
      "0 0\n",
      "1 0\n",
      "1 1\n",
      "2 0\n",
      "2 1\n",
      "2 2\n",
      "5.323984378823096\n",
      "[[ 0.00658965 -0.00281743 -0.00061777]\n",
      " [-0.00281743  0.0020378  -0.00030904]\n",
      " [-0.00061777 -0.00030904  0.0006881 ]]\n",
      "0 0\n",
      "1 0\n",
      "1 1\n",
      "2 0\n",
      "2 1\n",
      "2 2\n",
      "5.323984378823096\n",
      "[[ 0.00658965 -0.00281743 -0.00061777]\n",
      " [-0.00281743  0.0020378  -0.00030904]\n",
      " [-0.00061777 -0.00030904  0.0006881 ]]\n",
      "0 0\n",
      "1 0\n",
      "1 1\n",
      "2 0\n",
      "2 1\n",
      "2 2\n",
      "5.323984378823096\n",
      "[[ 0.00658965 -0.00281743 -0.00061777]\n",
      " [-0.00281743  0.0020378  -0.00030904]\n",
      " [-0.00061777 -0.00030904  0.0006881 ]]\n",
      "0 0\n",
      "1 0\n",
      "1 1\n",
      "2 0\n",
      "2 1\n",
      "2 2\n",
      "5.323984378823096\n",
      "[[ 0.00658965 -0.00281743 -0.00061777]\n",
      " [-0.00281743  0.0020378  -0.00030904]\n",
      " [-0.00061777 -0.00030904  0.0006881 ]]\n",
      "0 0\n",
      "1 0\n",
      "1 1\n",
      "2 0\n",
      "2 1\n",
      "2 2\n",
      "5.323984378823096\n",
      "[[ 0.00658965 -0.00281743 -0.00061777]\n",
      " [-0.00281743  0.0020378  -0.00030904]\n",
      " [-0.00061777 -0.00030904  0.0006881 ]]\n",
      "0 0\n",
      "1 0\n",
      "1 1\n",
      "2 0\n",
      "2 1\n",
      "2 2\n",
      "5.323984378823096\n",
      "[[ 0.00658965 -0.00281743 -0.00061777]\n",
      " [-0.00281743  0.0020378  -0.00030904]\n",
      " [-0.00061777 -0.00030904  0.0006881 ]]\n",
      "0 0\n",
      "1 0\n",
      "1 1\n",
      "2 0\n",
      "2 1\n",
      "2 2\n",
      "5.323984378823096\n",
      "[[ 0.00658965 -0.00281743 -0.00061777]\n",
      " [-0.00281743  0.0020378  -0.00030904]\n",
      " [-0.00061777 -0.00030904  0.0006881 ]]\n",
      "0 0\n",
      "1 0\n",
      "1 1\n",
      "2 0\n",
      "2 1\n",
      "2 2\n",
      "5.323984378823096\n",
      "[[ 0.00658965 -0.00281743 -0.00061777]\n",
      " [-0.00281743  0.0020378  -0.00030904]\n",
      " [-0.00061777 -0.00030904  0.0006881 ]]\n",
      "0 0\n",
      "1 0\n",
      "1 1\n",
      "2 0\n",
      "2 1\n",
      "2 2\n",
      "5.323984378823096\n",
      "[[ 0.00658965 -0.00281743 -0.00061777]\n",
      " [-0.00281743  0.0020378  -0.00030904]\n",
      " [-0.00061777 -0.00030904  0.0006881 ]]\n",
      "0 0\n",
      "1 0\n",
      "1 1\n",
      "2 0\n",
      "2 1\n",
      "2 2\n",
      "5.323984378823096\n",
      "[[ 0.00658965 -0.00281743 -0.00061777]\n",
      " [-0.00281743  0.0020378  -0.00030904]\n",
      " [-0.00061777 -0.00030904  0.0006881 ]]\n",
      "0 0\n",
      "1 0\n",
      "1 1\n",
      "2 0\n",
      "2 1\n",
      "2 2\n",
      "5.323984378823096\n",
      "[[ 0.00658965 -0.00281743 -0.00061777]\n",
      " [-0.00281743  0.0020378  -0.00030904]\n",
      " [-0.00061777 -0.00030904  0.0006881 ]]\n",
      "0 0\n",
      "1 0\n",
      "1 1\n",
      "2 0\n",
      "2 1\n",
      "2 2\n",
      "5.323984378823096\n",
      "[[ 0.00658965 -0.00281743 -0.00061777]\n",
      " [-0.00281743  0.0020378  -0.00030904]\n",
      " [-0.00061777 -0.00030904  0.0006881 ]]\n",
      "0 0\n",
      "1 0\n",
      "1 1\n",
      "2 0\n",
      "2 1\n",
      "2 2\n",
      "5.323984378823096\n",
      "[[ 0.00658965 -0.00281743 -0.00061777]\n",
      " [-0.00281743  0.0020378  -0.00030904]\n",
      " [-0.00061777 -0.00030904  0.0006881 ]]\n",
      "0 0\n",
      "1 0\n",
      "1 1\n",
      "2 0\n",
      "2 1\n",
      "2 2\n",
      "5.323984378823096\n",
      "[[ 0.00658965 -0.00281743 -0.00061777]\n",
      " [-0.00281743  0.0020378  -0.00030904]\n",
      " [-0.00061777 -0.00030904  0.0006881 ]]\n",
      "0 0\n",
      "1 0\n",
      "1 1\n",
      "2 0\n",
      "2 1\n",
      "2 2\n",
      "5.323984378823096\n",
      "[[ 0.00658965 -0.00281743 -0.00061777]\n",
      " [-0.00281743  0.0020378  -0.00030904]\n",
      " [-0.00061777 -0.00030904  0.0006881 ]]\n",
      "0 0\n",
      "1 0\n",
      "1 1\n",
      "2 0\n",
      "2 1\n",
      "2 2\n",
      "5.323984378823096\n",
      "[[ 0.00658965 -0.00281743 -0.00061777]\n",
      " [-0.00281743  0.0020378  -0.00030904]\n",
      " [-0.00061777 -0.00030904  0.0006881 ]]\n",
      "0 0\n",
      "1 0\n",
      "1 1\n",
      "2 0\n",
      "2 1\n",
      "2 2\n",
      "5.323984378823096\n",
      "[[ 0.00658965 -0.00281743 -0.00061777]\n",
      " [-0.00281743  0.0020378  -0.00030904]\n",
      " [-0.00061777 -0.00030904  0.0006881 ]]\n",
      "0 0\n",
      "1 0\n",
      "1 1\n",
      "2 0\n",
      "2 1\n",
      "2 2\n",
      "5.323984378823096\n",
      "[[ 0.00658965 -0.00281743 -0.00061777]\n",
      " [-0.00281743  0.0020378  -0.00030904]\n",
      " [-0.00061777 -0.00030904  0.0006881 ]]\n",
      "0 0\n",
      "1 0\n",
      "1 1\n",
      "2 0\n",
      "2 1\n",
      "2 2\n",
      "5.323984378823096\n",
      "[[ 0.00658965 -0.00281743 -0.00061777]\n",
      " [-0.00281743  0.0020378  -0.00030904]\n",
      " [-0.00061777 -0.00030904  0.0006881 ]]\n",
      "0 0\n",
      "1 0\n",
      "1 1\n",
      "2 0\n",
      "2 1\n",
      "2 2\n",
      "5.323984378823096\n",
      "[[ 0.00658965 -0.00281743 -0.00061777]\n",
      " [-0.00281743  0.0020378  -0.00030904]\n",
      " [-0.00061777 -0.00030904  0.0006881 ]]\n",
      "0 0\n",
      "1 0\n",
      "1 1\n",
      "2 0\n",
      "2 1\n",
      "2 2\n",
      "5.323984378823096\n",
      "[[ 0.00658965 -0.00281743 -0.00061777]\n",
      " [-0.00281743  0.0020378  -0.00030904]\n",
      " [-0.00061777 -0.00030904  0.0006881 ]]\n",
      "0 0\n",
      "1 0\n",
      "1 1\n",
      "2 0\n",
      "2 1\n",
      "2 2\n",
      "5.323984378823096\n",
      "[[ 0.00658965 -0.00281743 -0.00061777]\n",
      " [-0.00281743  0.0020378  -0.00030904]\n",
      " [-0.00061777 -0.00030904  0.0006881 ]]\n",
      "0 0\n",
      "1 0\n",
      "1 1\n",
      "2 0\n",
      "2 1\n",
      "2 2\n",
      "5.323984378823096\n",
      "[[ 0.00658965 -0.00281743 -0.00061777]\n",
      " [-0.00281743  0.0020378  -0.00030904]\n",
      " [-0.00061777 -0.00030904  0.0006881 ]]\n",
      "0 0\n",
      "1 0\n",
      "1 1\n",
      "2 0\n",
      "2 1\n",
      "2 2\n",
      "5.323984378823096\n",
      "[[ 0.00658965 -0.00281743 -0.00061777]\n",
      " [-0.00281743  0.0020378  -0.00030904]\n",
      " [-0.00061777 -0.00030904  0.0006881 ]]\n",
      "0 0\n",
      "1 0\n",
      "1 1\n",
      "2 0\n",
      "2 1\n",
      "2 2\n",
      "5.323984378823096\n",
      "[[ 0.00658965 -0.00281743 -0.00061777]\n",
      " [-0.00281743  0.0020378  -0.00030904]\n",
      " [-0.00061777 -0.00030904  0.0006881 ]]\n",
      "0 0\n",
      "1 0\n",
      "1 1\n",
      "2 0\n",
      "2 1\n",
      "2 2\n",
      "5.323984378823096\n",
      "[[ 0.00658965 -0.00281743 -0.00061777]\n",
      " [-0.00281743  0.0020378  -0.00030904]\n",
      " [-0.00061777 -0.00030904  0.0006881 ]]\n",
      "0 0\n",
      "1 0\n",
      "1 1\n",
      "2 0\n",
      "2 1\n",
      "2 2\n",
      "5.323984378823096\n",
      "[[ 0.00658965 -0.00281743 -0.00061777]\n",
      " [-0.00281743  0.0020378  -0.00030904]\n",
      " [-0.00061777 -0.00030904  0.0006881 ]]\n",
      "0 0\n",
      "1 0\n",
      "1 1\n",
      "2 0\n",
      "2 1\n",
      "2 2\n",
      "5.323984378823096\n",
      "[[ 0.00658965 -0.00281743 -0.00061777]\n",
      " [-0.00281743  0.0020378  -0.00030904]\n",
      " [-0.00061777 -0.00030904  0.0006881 ]]\n",
      "0 0\n",
      "1 0\n",
      "1 1\n",
      "2 0\n",
      "2 1\n",
      "2 2\n",
      "5.323984378823096\n",
      "[[ 0.00658965 -0.00281743 -0.00061777]\n",
      " [-0.00281743  0.0020378  -0.00030904]\n",
      " [-0.00061777 -0.00030904  0.0006881 ]]\n",
      "0 0\n",
      "1 0\n",
      "1 1\n",
      "2 0\n",
      "2 1\n",
      "2 2\n",
      "5.323984378823096\n",
      "[[ 0.00658965 -0.00281743 -0.00061777]\n",
      " [-0.00281743  0.0020378  -0.00030904]\n",
      " [-0.00061777 -0.00030904  0.0006881 ]]\n",
      "0 0\n",
      "1 0\n",
      "1 1\n",
      "2 0\n",
      "2 1\n",
      "2 2\n",
      "5.323984378823096\n",
      "[[ 0.00658965 -0.00281743 -0.00061777]\n",
      " [-0.00281743  0.0020378  -0.00030904]\n",
      " [-0.00061777 -0.00030904  0.0006881 ]]\n",
      "0 0\n",
      "1 0\n",
      "1 1\n",
      "2 0\n",
      "2 1\n",
      "2 2\n",
      "5.323984378823096\n",
      "[[ 0.00658965 -0.00281743 -0.00061777]\n",
      " [-0.00281743  0.0020378  -0.00030904]\n",
      " [-0.00061777 -0.00030904  0.0006881 ]]\n",
      "0 0\n",
      "1 0\n",
      "1 1\n",
      "2 0\n",
      "2 1\n",
      "2 2\n",
      "5.323984378823096\n",
      "[[ 0.00658965 -0.00281743 -0.00061777]\n",
      " [-0.00281743  0.0020378  -0.00030904]\n",
      " [-0.00061777 -0.00030904  0.0006881 ]]\n",
      "0 0\n",
      "1 0\n",
      "1 1\n",
      "2 0\n",
      "2 1\n",
      "2 2\n",
      "5.323984378823096\n",
      "[[ 0.00658965 -0.00281743 -0.00061777]\n",
      " [-0.00281743  0.0020378  -0.00030904]\n",
      " [-0.00061777 -0.00030904  0.0006881 ]]\n",
      "0 0\n",
      "1 0\n",
      "1 1\n",
      "2 0\n",
      "2 1\n",
      "2 2\n",
      "5.323984378823096\n",
      "[[ 0.00658965 -0.00281743 -0.00061777]\n",
      " [-0.00281743  0.0020378  -0.00030904]\n",
      " [-0.00061777 -0.00030904  0.0006881 ]]\n",
      "0 0\n",
      "1 0\n",
      "1 1\n",
      "2 0\n",
      "2 1\n",
      "2 2\n",
      "5.323984378823096\n",
      "[[ 0.00658965 -0.00281743 -0.00061777]\n",
      " [-0.00281743  0.0020378  -0.00030904]\n",
      " [-0.00061777 -0.00030904  0.0006881 ]]\n",
      "0 0\n",
      "1 0\n",
      "1 1\n",
      "2 0\n",
      "2 1\n",
      "2 2\n",
      "5.323984378823096\n",
      "[[ 0.00658965 -0.00281743 -0.00061777]\n",
      " [-0.00281743  0.0020378  -0.00030904]\n",
      " [-0.00061777 -0.00030904  0.0006881 ]]\n",
      "0 0\n",
      "1 0\n",
      "1 1\n",
      "2 0\n",
      "2 1\n",
      "2 2\n",
      "5.323984378823096\n",
      "[[ 0.00658965 -0.00281743 -0.00061777]\n",
      " [-0.00281743  0.0020378  -0.00030904]\n",
      " [-0.00061777 -0.00030904  0.0006881 ]]\n",
      "0 0\n",
      "1 0\n",
      "1 1\n",
      "2 0\n",
      "2 1\n",
      "2 2\n",
      "5.323984378823096\n",
      "[[ 0.00658965 -0.00281743 -0.00061777]\n",
      " [-0.00281743  0.0020378  -0.00030904]\n",
      " [-0.00061777 -0.00030904  0.0006881 ]]\n",
      "0 0\n",
      "1 0\n",
      "1 1\n",
      "2 0\n",
      "2 1\n",
      "2 2\n",
      "5.323984378823096\n",
      "[[ 0.00658965 -0.00281743 -0.00061777]\n",
      " [-0.00281743  0.0020378  -0.00030904]\n",
      " [-0.00061777 -0.00030904  0.0006881 ]]\n",
      "0 0\n",
      "1 0\n",
      "1 1\n",
      "2 0\n",
      "2 1\n",
      "2 2\n",
      "5.323984378823096\n",
      "[[ 0.00658965 -0.00281743 -0.00061777]\n",
      " [-0.00281743  0.0020378  -0.00030904]\n",
      " [-0.00061777 -0.00030904  0.0006881 ]]\n",
      "0 0\n",
      "1 0\n",
      "1 1\n",
      "2 0\n",
      "2 1\n",
      "2 2\n",
      "5.323984378823096\n",
      "[[ 0.00658965 -0.00281743 -0.00061777]\n",
      " [-0.00281743  0.0020378  -0.00030904]\n",
      " [-0.00061777 -0.00030904  0.0006881 ]]\n",
      "0 0\n",
      "1 0\n",
      "1 1\n",
      "2 0\n",
      "2 1\n",
      "2 2\n",
      "5.323984378823096\n",
      "[[ 0.00658965 -0.00281743 -0.00061777]\n",
      " [-0.00281743  0.0020378  -0.00030904]\n",
      " [-0.00061777 -0.00030904  0.0006881 ]]\n",
      "0 0\n",
      "1 0\n",
      "1 1\n",
      "2 0\n",
      "2 1\n",
      "2 2\n",
      "5.323984378823096\n",
      "[[ 0.00658965 -0.00281743 -0.00061777]\n",
      " [-0.00281743  0.0020378  -0.00030904]\n",
      " [-0.00061777 -0.00030904  0.0006881 ]]\n",
      "0 0\n",
      "1 0\n",
      "1 1\n",
      "2 0\n",
      "2 1\n",
      "2 2\n",
      "5.323984378823096\n",
      "[[ 0.00658965 -0.00281743 -0.00061777]\n",
      " [-0.00281743  0.0020378  -0.00030904]\n",
      " [-0.00061777 -0.00030904  0.0006881 ]]\n",
      "0 0\n",
      "1 0\n",
      "1 1\n",
      "2 0\n",
      "2 1\n",
      "2 2\n",
      "5.323984378823096\n",
      "[[ 0.00658965 -0.00281743 -0.00061777]\n",
      " [-0.00281743  0.0020378  -0.00030904]\n",
      " [-0.00061777 -0.00030904  0.0006881 ]]\n",
      "0 0\n",
      "1 0\n",
      "1 1\n",
      "2 0\n",
      "2 1\n",
      "2 2\n",
      "5.323984378823096\n",
      "[[ 0.00658965 -0.00281743 -0.00061777]\n",
      " [-0.00281743  0.0020378  -0.00030904]\n",
      " [-0.00061777 -0.00030904  0.0006881 ]]\n",
      "0 0\n",
      "1 0\n",
      "1 1\n",
      "2 0\n",
      "2 1\n",
      "2 2\n",
      "5.323984378823096\n",
      "[[ 0.00658965 -0.00281743 -0.00061777]\n",
      " [-0.00281743  0.0020378  -0.00030904]\n",
      " [-0.00061777 -0.00030904  0.0006881 ]]\n",
      "0 0\n",
      "1 0\n",
      "1 1\n",
      "2 0\n",
      "2 1\n",
      "2 2\n",
      "5.323984378823096\n",
      "[[ 0.00658965 -0.00281743 -0.00061777]\n",
      " [-0.00281743  0.0020378  -0.00030904]\n",
      " [-0.00061777 -0.00030904  0.0006881 ]]\n",
      "0 0\n",
      "1 0\n",
      "1 1\n",
      "2 0\n",
      "2 1\n",
      "2 2\n",
      "5.323984378823096\n",
      "[[ 0.00658965 -0.00281743 -0.00061777]\n",
      " [-0.00281743  0.0020378  -0.00030904]\n",
      " [-0.00061777 -0.00030904  0.0006881 ]]\n",
      "0 0\n",
      "1 0\n",
      "1 1\n",
      "2 0\n",
      "2 1\n",
      "2 2\n",
      "5.323984378823096\n",
      "[[ 0.00658965 -0.00281743 -0.00061777]\n",
      " [-0.00281743  0.0020378  -0.00030904]\n",
      " [-0.00061777 -0.00030904  0.0006881 ]]\n",
      "0 0\n",
      "1 0\n",
      "1 1\n",
      "2 0\n",
      "2 1\n",
      "2 2\n",
      "5.323984378823096\n",
      "[[ 0.00658965 -0.00281743 -0.00061777]\n",
      " [-0.00281743  0.0020378  -0.00030904]\n",
      " [-0.00061777 -0.00030904  0.0006881 ]]\n",
      "0 0\n",
      "1 0\n",
      "1 1\n",
      "2 0\n",
      "2 1\n",
      "2 2\n",
      "5.323984378823096\n",
      "[[ 0.00658965 -0.00281743 -0.00061777]\n",
      " [-0.00281743  0.0020378  -0.00030904]\n",
      " [-0.00061777 -0.00030904  0.0006881 ]]\n",
      "0 0\n",
      "1 0\n",
      "1 1\n",
      "2 0\n",
      "2 1\n",
      "2 2\n",
      "5.323984378823096\n",
      "[[ 0.00658965 -0.00281743 -0.00061777]\n",
      " [-0.00281743  0.0020378  -0.00030904]\n",
      " [-0.00061777 -0.00030904  0.0006881 ]]\n",
      "0 0\n",
      "1 0\n",
      "1 1\n",
      "2 0\n",
      "2 1\n",
      "2 2\n",
      "5.323984378823096\n",
      "[[ 0.00658965 -0.00281743 -0.00061777]\n",
      " [-0.00281743  0.0020378  -0.00030904]\n",
      " [-0.00061777 -0.00030904  0.0006881 ]]\n",
      "0 0\n",
      "1 0\n",
      "1 1\n",
      "2 0\n",
      "2 1\n",
      "2 2\n",
      "5.323984378823096\n",
      "[[ 0.00658965 -0.00281743 -0.00061777]\n",
      " [-0.00281743  0.0020378  -0.00030904]\n",
      " [-0.00061777 -0.00030904  0.0006881 ]]\n",
      "0 0\n",
      "1 0\n",
      "1 1\n",
      "2 0\n",
      "2 1\n",
      "2 2\n",
      "5.323984378823096\n",
      "[[ 0.00658965 -0.00281743 -0.00061777]\n",
      " [-0.00281743  0.0020378  -0.00030904]\n",
      " [-0.00061777 -0.00030904  0.0006881 ]]\n",
      "0 0\n",
      "1 0\n",
      "1 1\n",
      "2 0\n",
      "2 1\n",
      "2 2\n",
      "5.323984378823096\n",
      "[[ 0.00658965 -0.00281743 -0.00061777]\n",
      " [-0.00281743  0.0020378  -0.00030904]\n",
      " [-0.00061777 -0.00030904  0.0006881 ]]\n",
      "0 0\n",
      "1 0\n",
      "1 1\n",
      "2 0\n",
      "2 1\n",
      "2 2\n",
      "5.323984378823096\n",
      "[[ 0.00658965 -0.00281743 -0.00061777]\n",
      " [-0.00281743  0.0020378  -0.00030904]\n",
      " [-0.00061777 -0.00030904  0.0006881 ]]\n",
      "0 0\n",
      "1 0\n",
      "1 1\n",
      "2 0\n",
      "2 1\n",
      "2 2\n",
      "5.323984378823096\n",
      "[[ 0.00658965 -0.00281743 -0.00061777]\n",
      " [-0.00281743  0.0020378  -0.00030904]\n",
      " [-0.00061777 -0.00030904  0.0006881 ]]\n",
      "0 0\n",
      "1 0\n",
      "1 1\n",
      "2 0\n",
      "2 1\n",
      "2 2\n",
      "5.323984378823096\n",
      "[[ 0.00658965 -0.00281743 -0.00061777]\n",
      " [-0.00281743  0.0020378  -0.00030904]\n",
      " [-0.00061777 -0.00030904  0.0006881 ]]\n",
      "0 0\n",
      "1 0\n",
      "1 1\n",
      "2 0\n",
      "2 1\n",
      "2 2\n",
      "5.323984378823096\n",
      "[[ 0.00658965 -0.00281743 -0.00061777]\n",
      " [-0.00281743  0.0020378  -0.00030904]\n",
      " [-0.00061777 -0.00030904  0.0006881 ]]\n",
      "0 0\n",
      "1 0\n",
      "1 1\n",
      "2 0\n",
      "2 1\n",
      "2 2\n",
      "5.323984378823096\n",
      "[[ 0.00658965 -0.00281743 -0.00061777]\n",
      " [-0.00281743  0.0020378  -0.00030904]\n",
      " [-0.00061777 -0.00030904  0.0006881 ]]\n",
      "0 0\n",
      "1 0\n",
      "1 1\n",
      "2 0\n",
      "2 1\n",
      "2 2\n",
      "5.323984378823096\n",
      "[[ 0.00658965 -0.00281743 -0.00061777]\n",
      " [-0.00281743  0.0020378  -0.00030904]\n",
      " [-0.00061777 -0.00030904  0.0006881 ]]\n",
      "0 0\n",
      "1 0\n",
      "1 1\n",
      "2 0\n",
      "2 1\n",
      "2 2\n",
      "5.323984378823096\n",
      "[[ 0.00658965 -0.00281743 -0.00061777]\n",
      " [-0.00281743  0.0020378  -0.00030904]\n",
      " [-0.00061777 -0.00030904  0.0006881 ]]\n",
      "0 0\n",
      "1 0\n",
      "1 1\n",
      "2 0\n",
      "2 1\n",
      "2 2\n",
      "5.323984378823096\n",
      "[[ 0.00658965 -0.00281743 -0.00061777]\n",
      " [-0.00281743  0.0020378  -0.00030904]\n",
      " [-0.00061777 -0.00030904  0.0006881 ]]\n",
      "0 0\n",
      "1 0\n",
      "1 1\n",
      "2 0\n",
      "2 1\n",
      "2 2\n",
      "5.323984378823096\n",
      "[[ 0.00658965 -0.00281743 -0.00061777]\n",
      " [-0.00281743  0.0020378  -0.00030904]\n",
      " [-0.00061777 -0.00030904  0.0006881 ]]\n",
      "0 0\n",
      "1 0\n",
      "1 1\n",
      "2 0\n",
      "2 1\n",
      "2 2\n",
      "5.323984378823096\n",
      "[[ 0.00658965 -0.00281743 -0.00061777]\n",
      " [-0.00281743  0.0020378  -0.00030904]\n",
      " [-0.00061777 -0.00030904  0.0006881 ]]\n",
      "0 0\n",
      "1 0\n",
      "1 1\n",
      "2 0\n",
      "2 1\n",
      "2 2\n",
      "5.323984378823096\n",
      "[[ 0.00658965 -0.00281743 -0.00061777]\n",
      " [-0.00281743  0.0020378  -0.00030904]\n",
      " [-0.00061777 -0.00030904  0.0006881 ]]\n",
      "0 0\n",
      "1 0\n",
      "1 1\n",
      "2 0\n",
      "2 1\n",
      "2 2\n",
      "5.323984378823096\n",
      "[[ 0.00658965 -0.00281743 -0.00061777]\n",
      " [-0.00281743  0.0020378  -0.00030904]\n",
      " [-0.00061777 -0.00030904  0.0006881 ]]\n",
      "0 0\n",
      "1 0\n",
      "1 1\n",
      "2 0\n",
      "2 1\n",
      "2 2\n",
      "5.323984378823096\n",
      "[[ 0.00658965 -0.00281743 -0.00061777]\n",
      " [-0.00281743  0.0020378  -0.00030904]\n",
      " [-0.00061777 -0.00030904  0.0006881 ]]\n",
      "0 0\n",
      "1 0\n",
      "1 1\n",
      "2 0\n",
      "2 1\n",
      "2 2\n",
      "5.323984378823096\n",
      "[[ 0.00658965 -0.00281743 -0.00061777]\n",
      " [-0.00281743  0.0020378  -0.00030904]\n",
      " [-0.00061777 -0.00030904  0.0006881 ]]\n",
      "0 0\n",
      "1 0\n",
      "1 1\n",
      "2 0\n",
      "2 1\n",
      "2 2\n",
      "5.323984378823096\n",
      "[[ 0.00658965 -0.00281743 -0.00061777]\n",
      " [-0.00281743  0.0020378  -0.00030904]\n",
      " [-0.00061777 -0.00030904  0.0006881 ]]\n",
      "0 0\n",
      "1 0\n",
      "1 1\n",
      "2 0\n",
      "2 1\n",
      "2 2\n",
      "5.323984378823096\n",
      "[[ 0.00658965 -0.00281743 -0.00061777]\n",
      " [-0.00281743  0.0020378  -0.00030904]\n",
      " [-0.00061777 -0.00030904  0.0006881 ]]\n",
      "0 0\n",
      "1 0\n",
      "1 1\n",
      "2 0\n",
      "2 1\n",
      "2 2\n",
      "5.323984378823096\n",
      "[[ 0.00658965 -0.00281743 -0.00061777]\n",
      " [-0.00281743  0.0020378  -0.00030904]\n",
      " [-0.00061777 -0.00030904  0.0006881 ]]\n",
      "0 0\n",
      "1 0\n",
      "1 1\n",
      "2 0\n",
      "2 1\n",
      "2 2\n",
      "5.323984378823096\n",
      "[[ 0.00658965 -0.00281743 -0.00061777]\n",
      " [-0.00281743  0.0020378  -0.00030904]\n",
      " [-0.00061777 -0.00030904  0.0006881 ]]\n",
      "0 0\n",
      "1 0\n",
      "1 1\n",
      "2 0\n",
      "2 1\n",
      "2 2\n",
      "5.323984378823096\n",
      "[[ 0.00658965 -0.00281743 -0.00061777]\n",
      " [-0.00281743  0.0020378  -0.00030904]\n",
      " [-0.00061777 -0.00030904  0.0006881 ]]\n",
      "0 0\n",
      "1 0\n",
      "1 1\n",
      "2 0\n",
      "2 1\n",
      "2 2\n",
      "5.323984378823096\n",
      "[[ 0.00658965 -0.00281743 -0.00061777]\n",
      " [-0.00281743  0.0020378  -0.00030904]\n",
      " [-0.00061777 -0.00030904  0.0006881 ]]\n",
      "0 0\n",
      "1 0\n",
      "1 1\n",
      "2 0\n",
      "2 1\n",
      "2 2\n",
      "5.323984378823096\n",
      "[[ 0.00658965 -0.00281743 -0.00061777]\n",
      " [-0.00281743  0.0020378  -0.00030904]\n",
      " [-0.00061777 -0.00030904  0.0006881 ]]\n",
      "0 0\n",
      "1 0\n",
      "1 1\n",
      "2 0\n",
      "2 1\n",
      "2 2\n",
      "5.323984378823096\n",
      "[[ 0.00658965 -0.00281743 -0.00061777]\n",
      " [-0.00281743  0.0020378  -0.00030904]\n",
      " [-0.00061777 -0.00030904  0.0006881 ]]\n",
      "0 0\n",
      "1 0\n",
      "1 1\n",
      "2 0\n",
      "2 1\n",
      "2 2\n",
      "5.323984378823096\n",
      "[[ 0.00658965 -0.00281743 -0.00061777]\n",
      " [-0.00281743  0.0020378  -0.00030904]\n",
      " [-0.00061777 -0.00030904  0.0006881 ]]\n",
      "0 0\n",
      "1 0\n",
      "1 1\n",
      "2 0\n",
      "2 1\n",
      "2 2\n",
      "5.323984378823096\n",
      "[[ 0.00658965 -0.00281743 -0.00061777]\n",
      " [-0.00281743  0.0020378  -0.00030904]\n",
      " [-0.00061777 -0.00030904  0.0006881 ]]\n",
      "0 0\n",
      "1 0\n",
      "1 1\n",
      "2 0\n",
      "2 1\n",
      "2 2\n",
      "5.323984378823096\n",
      "[[ 0.00658965 -0.00281743 -0.00061777]\n",
      " [-0.00281743  0.0020378  -0.00030904]\n",
      " [-0.00061777 -0.00030904  0.0006881 ]]\n",
      "0 0\n",
      "1 0\n",
      "1 1\n",
      "2 0\n",
      "2 1\n",
      "2 2\n",
      "5.323984378823096\n",
      "[[ 0.00658965 -0.00281743 -0.00061777]\n",
      " [-0.00281743  0.0020378  -0.00030904]\n",
      " [-0.00061777 -0.00030904  0.0006881 ]]\n",
      "0 0\n",
      "1 0\n",
      "1 1\n",
      "2 0\n",
      "2 1\n",
      "2 2\n",
      "5.323984378823096\n",
      "[[ 0.00658965 -0.00281743 -0.00061777]\n",
      " [-0.00281743  0.0020378  -0.00030904]\n",
      " [-0.00061777 -0.00030904  0.0006881 ]]\n",
      "0 0\n",
      "1 0\n",
      "1 1\n",
      "2 0\n",
      "2 1\n",
      "2 2\n",
      "5.323984378823096\n",
      "[[ 0.00658965 -0.00281743 -0.00061777]\n",
      " [-0.00281743  0.0020378  -0.00030904]\n",
      " [-0.00061777 -0.00030904  0.0006881 ]]\n",
      "0 0\n",
      "1 0\n",
      "1 1\n",
      "2 0\n",
      "2 1\n",
      "2 2\n",
      "5.323984378823096\n",
      "[[ 0.00658965 -0.00281743 -0.00061777]\n",
      " [-0.00281743  0.0020378  -0.00030904]\n",
      " [-0.00061777 -0.00030904  0.0006881 ]]\n",
      "0 0\n",
      "1 0\n",
      "1 1\n",
      "2 0\n",
      "2 1\n",
      "2 2\n",
      "5.323984378823096\n",
      "[[ 0.00658965 -0.00281743 -0.00061777]\n",
      " [-0.00281743  0.0020378  -0.00030904]\n",
      " [-0.00061777 -0.00030904  0.0006881 ]]\n",
      "0 0\n",
      "1 0\n",
      "1 1\n",
      "2 0\n",
      "2 1\n",
      "2 2\n",
      "5.323984378823096\n",
      "[[ 0.00658965 -0.00281743 -0.00061777]\n",
      " [-0.00281743  0.0020378  -0.00030904]\n",
      " [-0.00061777 -0.00030904  0.0006881 ]]\n",
      "0 0\n",
      "1 0\n",
      "1 1\n",
      "2 0\n",
      "2 1\n",
      "2 2\n",
      "5.323984378823096\n",
      "[[ 0.00658965 -0.00281743 -0.00061777]\n",
      " [-0.00281743  0.0020378  -0.00030904]\n",
      " [-0.00061777 -0.00030904  0.0006881 ]]\n",
      "0 0\n",
      "1 0\n",
      "1 1\n",
      "2 0\n",
      "2 1\n",
      "2 2\n",
      "5.323984378823096\n",
      "[[ 0.00658965 -0.00281743 -0.00061777]\n",
      " [-0.00281743  0.0020378  -0.00030904]\n",
      " [-0.00061777 -0.00030904  0.0006881 ]]\n",
      "0 0\n",
      "1 0\n",
      "1 1\n",
      "2 0\n",
      "2 1\n",
      "2 2\n",
      "5.323984378823096\n",
      "[[ 0.00658965 -0.00281743 -0.00061777]\n",
      " [-0.00281743  0.0020378  -0.00030904]\n",
      " [-0.00061777 -0.00030904  0.0006881 ]]\n",
      "0 0\n",
      "1 0\n",
      "1 1\n",
      "2 0\n",
      "2 1\n",
      "2 2\n",
      "5.323984378823096\n",
      "[[ 0.00658965 -0.00281743 -0.00061777]\n",
      " [-0.00281743  0.0020378  -0.00030904]\n",
      " [-0.00061777 -0.00030904  0.0006881 ]]\n",
      "0 0\n",
      "1 0\n",
      "1 1\n",
      "2 0\n",
      "2 1\n",
      "2 2\n",
      "5.323984378823096\n",
      "[[ 0.00658965 -0.00281743 -0.00061777]\n",
      " [-0.00281743  0.0020378  -0.00030904]\n",
      " [-0.00061777 -0.00030904  0.0006881 ]]\n",
      "0 0\n",
      "1 0\n",
      "1 1\n",
      "2 0\n",
      "2 1\n",
      "2 2\n",
      "5.323984378823096\n",
      "[[ 0.00658965 -0.00281743 -0.00061777]\n",
      " [-0.00281743  0.0020378  -0.00030904]\n",
      " [-0.00061777 -0.00030904  0.0006881 ]]\n",
      "0 0\n",
      "1 0\n",
      "1 1\n",
      "2 0\n",
      "2 1\n",
      "2 2\n",
      "5.323984378823096\n",
      "[[ 0.00658965 -0.00281743 -0.00061777]\n",
      " [-0.00281743  0.0020378  -0.00030904]\n",
      " [-0.00061777 -0.00030904  0.0006881 ]]\n",
      "0 0\n",
      "1 0\n",
      "1 1\n",
      "2 0\n",
      "2 1\n",
      "2 2\n",
      "5.323984378823096\n",
      "[[ 0.00658965 -0.00281743 -0.00061777]\n",
      " [-0.00281743  0.0020378  -0.00030904]\n",
      " [-0.00061777 -0.00030904  0.0006881 ]]\n",
      "0 0\n",
      "1 0\n",
      "1 1\n",
      "2 0\n",
      "2 1\n",
      "2 2\n",
      "5.323984378823096\n",
      "[[ 0.00658965 -0.00281743 -0.00061777]\n",
      " [-0.00281743  0.0020378  -0.00030904]\n",
      " [-0.00061777 -0.00030904  0.0006881 ]]\n",
      "0 0\n",
      "1 0\n",
      "1 1\n",
      "2 0\n",
      "2 1\n",
      "2 2\n",
      "5.323984378823096\n",
      "[[ 0.00658965 -0.00281743 -0.00061777]\n",
      " [-0.00281743  0.0020378  -0.00030904]\n",
      " [-0.00061777 -0.00030904  0.0006881 ]]\n",
      "0 0\n",
      "1 0\n",
      "1 1\n",
      "2 0\n",
      "2 1\n",
      "2 2\n",
      "5.323984378823096\n",
      "[[ 0.00658965 -0.00281743 -0.00061777]\n",
      " [-0.00281743  0.0020378  -0.00030904]\n",
      " [-0.00061777 -0.00030904  0.0006881 ]]\n",
      "0 0\n",
      "1 0\n",
      "1 1\n",
      "2 0\n",
      "2 1\n",
      "2 2\n",
      "5.323984378823096\n",
      "[[ 0.00658965 -0.00281743 -0.00061777]\n",
      " [-0.00281743  0.0020378  -0.00030904]\n",
      " [-0.00061777 -0.00030904  0.0006881 ]]\n",
      "0 0\n",
      "1 0\n",
      "1 1\n",
      "2 0\n",
      "2 1\n",
      "2 2\n",
      "5.323984378823096\n",
      "[[ 0.00658965 -0.00281743 -0.00061777]\n",
      " [-0.00281743  0.0020378  -0.00030904]\n",
      " [-0.00061777 -0.00030904  0.0006881 ]]\n",
      "0 0\n",
      "1 0\n",
      "1 1\n",
      "2 0\n",
      "2 1\n",
      "2 2\n",
      "5.323984378823096\n",
      "[[ 0.00658965 -0.00281743 -0.00061777]\n",
      " [-0.00281743  0.0020378  -0.00030904]\n",
      " [-0.00061777 -0.00030904  0.0006881 ]]\n",
      "0 0\n",
      "1 0\n",
      "1 1\n",
      "2 0\n",
      "2 1\n",
      "2 2\n",
      "5.323984378823096\n",
      "[[ 0.00658965 -0.00281743 -0.00061777]\n",
      " [-0.00281743  0.0020378  -0.00030904]\n",
      " [-0.00061777 -0.00030904  0.0006881 ]]\n",
      "0 0\n",
      "1 0\n",
      "1 1\n",
      "2 0\n",
      "2 1\n",
      "2 2\n",
      "5.323984378823096\n",
